
#####Generation n° 40#####
0.079304 -0.597780 -0.177012 -0.897442 fitness: 0.005514, score 2757
0.690806 -0.596780 -0.841721 -0.897442 fitness: 0.011452, score 5726
0.690806 -0.600780 -0.179012 -0.902442 fitness: 0.006766, score 3383
0.691806 -0.598780 -0.178012 -0.902442 fitness: 0.006766, score 3383
0.690806 -0.600780 -0.177012 -0.903442 fitness: 0.006766, score 3383
0.690806 -0.597780 -0.178012 -0.897442 fitness: 0.006766, score 3383
0.689806 -0.597780 -0.180012 -0.897442 fitness: 0.006766, score 3383
0.691806 -0.597780 -0.843721 -0.904442 fitness: 0.011348, score 5674
0.690806 -0.598780 -0.179012 -0.902442 fitness: 0.006766, score 3383
0.690806 -0.597780 -0.177012 -0.899442 fitness: 0.006766, score 3383

BEST GENE
0.690806 -0.596780 -0.841721 -0.897442 