
#####Generation n° 17#####
0.693806 -0.447852 -0.776267 -0.746344 fitness: 0.017384, score 8692
0.697806 -0.447852 -0.784443 -0.748344 fitness: 0.016380, score 8190
0.454150 -0.599780 -0.181012 -0.100613 fitness: 0.010540, score 5270
0.208891 -0.448852 -0.788443 -0.749344 fitness: 0.012616, score 6308
0.698806 -0.447852 -0.777267 -0.745344 fitness: 0.017384, score 8692
0.695806 -0.712822 -0.778267 -0.744344 fitness: 0.014762, score 7381
0.695806 -0.711822 -0.776267 -0.750344 fitness: 0.013612, score 6806
0.694806 -0.450852 -0.777267 -0.749344 fitness: 0.017384, score 8692
0.697806 -0.448852 -0.787443 -0.748344 fitness: 0.016380, score 8190
0.697806 -0.446852 -0.786443 -0.747344 fitness: 0.016380, score 8190

BEST GENE
0.693806 -0.447852 -0.776267 -0.746344 