
#####Generation n° 49#####
0.250553 -0.630837 -0.939100 -0.382985 fitness: 0.022676, score 11338
0.687806 -0.630837 -0.941100 -0.386985 fitness: 0.024054, score 12027
0.688806 -0.597780 -0.940100 -0.900442 fitness: 0.011030, score 5515
0.687806 -0.581898 -0.939100 -0.900442 fitness: 0.011030, score 5515
0.694806 -0.597780 -0.940100 -0.386985 fitness: 0.027306, score 13653
0.252553 -0.629837 -0.173012 -0.382985 fitness: 0.007526, score 3763
0.684806 -0.595780 -0.114796 -0.900442 fitness: 0.004610, score 2305
0.687806 -0.583898 -0.940100 -0.902442 fitness: 0.011030, score 5515
0.686806 -0.629837 -0.114796 -0.900442 fitness: 0.004586, score 2293
0.693806 -0.597780 -0.175012 -0.386985 fitness: 0.007060, score 3530

BEST GENE
0.694806 -0.597780 -0.940100 -0.386985 