
#####Generation n° 14#####
0.773406 -0.449852 -0.786443 -0.748344 fitness: 0.010772, score 5386
0.209891 -0.714822 -0.779267 -0.747344 fitness: 0.013240, score 6620
0.689806 -0.451852 -0.779267 -0.634481 fitness: 0.012176, score 6088
0.695806 -0.450852 -0.776267 -0.749344 fitness: 0.011342, score 5671
0.776406 -0.715822 -0.778267 -0.748344 fitness: 0.011402, score 5701
0.696806 -0.713822 -0.776267 -0.748344 fitness: 0.012608, score 6304
0.207891 -0.449852 -0.786443 -0.635481 fitness: 0.010548, score 5274
0.695806 -0.715822 -0.776267 -0.749344 fitness: 0.012608, score 6304
0.772406 -0.449852 -0.785443 -0.749344 fitness: 0.010772, score 5386
0.695806 -0.451852 -0.785443 -0.747344 fitness: 0.011342, score 5671

BEST GENE
0.209891 -0.714822 -0.779267 -0.747344 