
#####Generation n° 41#####
0.691806 -0.598780 -0.177012 -0.898442 fitness: 0.007188, score 3594
0.691806 -0.599780 -0.178012 -0.903442 fitness: 0.007188, score 3594
0.691806 -0.596780 -0.179012 -0.903442 fitness: 0.007188, score 3594
0.690806 -0.597780 -0.179012 -0.903442 fitness: 0.007188, score 3594
0.080304 -0.598780 -0.178012 -0.897442 fitness: 0.006202, score 3101
0.080304 -0.600780 -0.176012 -0.904442 fitness: 0.006202, score 3101
0.690806 -0.596780 -0.176012 -0.900442 fitness: 0.007188, score 3594
0.689806 -0.596780 -0.178012 -0.898442 fitness: 0.007188, score 3594
0.692806 -0.597780 -0.842721 -0.902442 fitness: 0.010470, score 5235
0.691806 -0.598780 -0.178012 -0.902442 fitness: 0.007188, score 3594

BEST GENE
0.692806 -0.597780 -0.842721 -0.902442 