
#####Generation n° 18#####
0.698806 -0.446852 -0.785443 -0.746344 fitness: 0.011848, score 5924
0.697806 -0.598780 -0.785443 -0.100613 fitness: 0.035676, score 17838
0.696806 -0.447852 -0.775267 -0.751344 fitness: 0.011848, score 5924
0.693806 -0.451852 -0.776267 -0.750344 fitness: 0.012690, score 6345
0.697806 -0.447852 -0.786443 -0.749344 fitness: 0.011848, score 5924
0.698806 -0.447852 -0.787443 -0.748344 fitness: 0.011848, score 5924
0.694806 -0.710822 -0.777267 -0.751344 fitness: 0.014956, score 7478
0.698806 -0.598780 -0.777267 -0.101613 fitness: 0.035676, score 17838
0.697806 -0.448852 -0.180012 -0.749344 fitness: 0.007236, score 3618
0.698806 -0.447852 -0.785443 -0.744344 fitness: 0.012690, score 6345

BEST GENE
0.697806 -0.598780 -0.785443 -0.100613 