
#####Generation n° 26#####
0.691806 -0.602780 -0.784443 -0.752344 fitness: 0.009642, score 4821
0.692806 -0.599780 -0.783443 -0.744344 fitness: 0.009642, score 4821
0.081304 -0.599780 -0.177012 -0.902442 fitness: 0.004648, score 2324
0.691806 -0.599780 -0.178012 -0.900442 fitness: 0.005446, score 2723
0.701806 -0.599780 -0.175012 -0.750344 fitness: 0.007536, score 3768
0.699806 -0.597780 -0.178012 -0.744344 fitness: 0.007536, score 3768
0.693806 -0.599780 -0.785443 -0.744344 fitness: 0.009642, score 4821
0.082304 -0.598780 -0.178012 -0.742344 fitness: 0.005654, score 2827
0.082304 -0.596780 -0.177012 -0.743344 fitness: 0.005654, score 2827
0.700806 -0.599780 -0.177012 -0.749344 fitness: 0.007536, score 3768

BEST GENE
0.691806 -0.602780 -0.784443 -0.752344 