
#####Generation n° 28#####
0.689806 -0.600780 -0.176012 -0.742344 fitness: 0.007258, score 3629
0.694806 -0.596780 -0.179012 -0.741344 fitness: 0.007258, score 3629
0.694806 -0.598780 -0.178012 -0.899442 fitness: 0.006340, score 3170
0.084304 -0.597780 -0.176012 -0.743344 fitness: 0.006872, score 3436
0.081304 -0.598780 -0.178012 -0.901442 fitness: 0.005058, score 2529
0.690806 -0.599780 -0.179012 -0.900442 fitness: 0.006340, score 3170
0.700806 -0.599780 -0.178012 -0.750344 fitness: 0.007258, score 3629
0.081304 -0.600780 -0.173012 -0.743344 fitness: 0.006872, score 3436
0.694806 -0.599780 -0.178012 -0.900442 fitness: 0.006340, score 3170
0.700806 -0.598780 -0.176012 -0.748344 fitness: 0.007258, score 3629

BEST GENE
0.689806 -0.600780 -0.176012 -0.742344 