
#####Generation n° 46#####
0.687806 -0.582898 -0.842721 -0.339419 fitness: 0.028984, score 14492
0.687806 -0.597780 -0.175012 -0.898442 fitness: 0.005698, score 2849
0.692806 -0.596780 -0.179012 -0.900442 fitness: 0.005698, score 2849
0.688806 -0.597780 -0.175012 -0.901442 fitness: 0.005698, score 2849
0.694806 -0.595780 -0.178012 -0.898442 fitness: 0.005698, score 2849
0.251553 -0.628837 -0.113796 -0.383985 fitness: 0.009108, score 4554
0.272754 -0.583898 -0.941100 -0.336419 fitness: 0.025320, score 12660
0.687806 -0.598780 -0.841721 -0.899442 fitness: 0.009844, score 4922
0.693806 -0.598780 -0.175012 -0.899442 fitness: 0.005698, score 2849
0.689806 -0.596780 -0.177012 -0.900442 fitness: 0.005698, score 2849

BEST GENE
0.687806 -0.582898 -0.842721 -0.339419 