
#####Generation n° 2#####
0.692806 -0.643327 -0.736596 -0.467211 fitness: 0.017210, score 8605
0.100723 -0.642327 -0.857672 -0.748344 fitness: 0.015142, score 7571
0.774406 -0.713822 -0.858672 -0.469211 fitness: 0.017996, score 8998
0.725488 -0.978906 -0.245436 -0.630481 fitness: 0.009688, score 4844
0.101723 -0.379927 -0.561224 -0.667193 fitness: 0.008274, score 4137
0.774406 -0.712822 -0.858672 -0.467211 fitness: 0.017996, score 8998
0.407224 -0.674078 -0.858672 -0.093602 fitness: 0.026344, score 13172
0.406224 -0.673078 -0.778267 -0.093602 fitness: 0.026526, score 13263
0.511615 -0.714822 -0.779267 -0.581935 fitness: 0.011912, score 5956
0.405224 -0.673078 -0.779267 -0.092602 fitness: 0.026634, score 13317

BEST GENE
0.405224 -0.673078 -0.779267 -0.092602 