
#####Generation n° 16#####
0.696806 -0.447852 -0.785443 -0.747344 fitness: 0.011064, score 5532
0.695806 -0.448852 -0.775267 -0.747344 fitness: 0.011168, score 5584
0.208891 -0.449852 -0.787443 -0.636481 fitness: 0.012894, score 6447
0.695806 -0.451852 -0.776267 -0.750344 fitness: 0.011168, score 5584
0.697806 -0.452852 -0.778267 -0.745344 fitness: 0.011168, score 5584
0.694806 -0.447852 -0.777267 -0.747344 fitness: 0.011064, score 5532
0.694806 -0.452852 -0.776267 -0.750344 fitness: 0.011168, score 5584
0.696806 -0.451852 -0.781267 -0.634481 fitness: 0.014104, score 7052
0.696806 -0.712822 -0.777267 -0.746344 fitness: 0.011638, score 5819
0.696806 -0.448852 -0.775267 -0.750344 fitness: 0.011064, score 5532

BEST GENE
0.696806 -0.451852 -0.781267 -0.634481 