
#####Generation n° 23#####
0.692806 -0.599780 -0.782443 -0.751344 fitness: 0.009320, score 4660
0.700806 -0.447852 -0.783443 -0.751344 fitness: 0.010592, score 5296
0.692806 -0.599780 -0.178012 -0.750344 fitness: 0.008104, score 4052
0.702806 -0.599780 -0.782443 -0.743344 fitness: 0.009320, score 4660
0.693806 -0.598780 -0.782443 -0.751344 fitness: 0.009320, score 4660
0.082304 -0.173476 -0.550539 -0.903442 fitness: 0.005896, score 2948
0.697806 -0.444852 -0.784443 -0.748344 fitness: 0.010592, score 5296
0.691806 -0.599780 -0.177012 -0.743344 fitness: 0.008080, score 4040
0.693806 -0.597780 -0.178012 -0.740344 fitness: 0.008080, score 4040
0.694806 -0.453852 -0.784443 -0.745344 fitness: 0.010592, score 5296

BEST GENE
0.700806 -0.447852 -0.783443 -0.751344 