
#####Generation n° 34#####
0.078304 -0.598780 -0.844721 -0.900442 fitness: 0.009844, score 4922
0.079304 -0.596780 -0.225398 -0.900442 fitness: 0.005012, score 2506
0.077304 -0.804002 -0.179012 -0.901442 fitness: 0.007994, score 3997
0.079304 -0.599780 -0.842721 -0.901442 fitness: 0.009844, score 4922
0.690806 -0.598780 -0.179012 -0.898442 fitness: 0.005742, score 2871
0.080304 -0.597780 -0.180012 -0.901442 fitness: 0.004516, score 2258
0.079304 -0.597780 -0.178012 -0.900442 fitness: 0.004516, score 2258
0.079304 -0.803002 -0.178012 -0.898442 fitness: 0.007994, score 3997
0.079304 -0.596780 -0.181012 -0.898442 fitness: 0.004516, score 2258
0.077304 -0.803002 -0.179012 -0.901442 fitness: 0.007994, score 3997

BEST GENE
0.078304 -0.598780 -0.844721 -0.900442 