
#####Generation n° 38#####
0.078304 -0.600780 -0.843721 -0.898442 fitness: 0.009106, score 4553
0.691806 -0.597780 -0.845721 -0.902442 fitness: 0.008960, score 4480
0.080304 -0.599780 -0.179012 -0.897442 fitness: 0.005512, score 2756
0.079304 -0.597780 -0.180012 -0.897442 fitness: 0.004832, score 2416
0.078304 -0.805002 -0.180012 -0.897442 fitness: 0.006446, score 3223
0.078304 -0.598780 -0.179012 -0.899442 fitness: 0.004832, score 2416
0.078304 -0.805002 -0.179012 -0.902442 fitness: 0.006446, score 3223
0.079304 -0.806002 -0.841721 -0.899442 fitness: 0.009904, score 4952
0.691806 -0.596780 -0.180012 -0.902442 fitness: 0.006448, score 3224
0.690806 -0.596780 -0.178012 -0.903442 fitness: 0.006448, score 3224

BEST GENE
0.079304 -0.806002 -0.841721 -0.899442 