
#####Generation n° 47#####
0.686806 -0.581898 -0.174012 -0.900442 fitness: 0.005196, score 2598
0.687806 -0.596780 -0.175012 -0.902442 fitness: 0.005352, score 2676
0.688806 -0.596780 -0.178012 -0.902442 fitness: 0.005352, score 2676
0.688806 -0.583898 -0.112796 -0.338419 fitness: 0.010046, score 5023
0.694806 -0.598780 -0.175012 -0.898442 fitness: 0.005352, score 2676
0.693806 -0.598780 -0.174012 -0.899442 fitness: 0.005352, score 2676
0.273754 -0.583898 -0.940100 -0.382985 fitness: 0.022342, score 11171
0.252553 -0.629837 -0.113796 -0.384985 fitness: 0.008826, score 4413
0.694806 -0.598780 -0.175012 -0.902442 fitness: 0.005352, score 2676
0.688806 -0.597780 -0.179012 -0.900442 fitness: 0.005352, score 2676

BEST GENE
0.273754 -0.583898 -0.940100 -0.382985 