
#####Generation n° 35#####
0.079304 -0.598780 -0.178012 -0.897442 fitness: 0.004324, score 2162
0.078304 -0.803002 -0.180012 -0.898442 fitness: 0.005376, score 2688
0.078304 -0.598780 -0.180012 -0.901442 fitness: 0.004324, score 2162
0.689806 -0.599780 -0.179012 -0.901442 fitness: 0.005086, score 2543
0.689806 -0.598780 -0.179012 -0.902442 fitness: 0.005086, score 2543
0.079304 -0.599780 -0.843721 -0.901442 fitness: 0.007612, score 3806
0.076304 -0.599780 -0.179012 -0.902442 fitness: 0.004324, score 2162
0.079304 -0.597780 -0.180012 -0.901442 fitness: 0.004324, score 2162
0.078304 -0.595780 -0.843721 -0.898442 fitness: 0.007612, score 3806
0.079304 -0.805002 -0.178012 -0.900442 fitness: 0.005376, score 2688

BEST GENE
0.079304 -0.599780 -0.843721 -0.901442 