
#####Generation n° 44#####
0.689806 -0.597780 -0.175012 -0.903442 fitness: 0.005688, score 2844
0.688806 -0.595780 -0.843721 -0.900442 fitness: 0.008316, score 4158
0.692806 -0.597780 -0.177012 -0.337419 fitness: 0.009184, score 4592
0.691806 -0.596780 -0.842721 -0.899442 fitness: 0.008316, score 4158
0.693806 -0.598780 -0.841721 -0.898442 fitness: 0.008316, score 4158
0.693806 -0.597780 -0.841721 -0.898442 fitness: 0.008316, score 4158
0.272754 -0.583898 -0.941100 -0.914508 fitness: 0.007556, score 3778
0.690806 -0.597780 -0.173012 -0.903442 fitness: 0.005688, score 2844
0.687806 -0.597780 -0.177012 -0.902442 fitness: 0.005688, score 2844
0.695806 -0.599780 -0.844721 -0.900442 fitness: 0.008316, score 4158

BEST GENE
0.692806 -0.597780 -0.177012 -0.337419 