
#####Generation n° 45#####
0.693806 -0.596780 -0.178012 -0.899442 fitness: 0.005760, score 2880
0.688806 -0.596780 -0.176012 -0.899442 fitness: 0.005760, score 2880
0.688806 -0.598780 -0.843721 -0.900442 fitness: 0.006444, score 3222
0.692806 -0.597780 -0.841721 -0.897442 fitness: 0.006444, score 3222
0.688806 -0.594780 -0.941100 -0.899442 fitness: 0.009658, score 4829
0.688806 -0.596780 -0.174012 -0.902442 fitness: 0.005760, score 2880
0.271754 -0.582898 -0.942100 -0.337419 fitness: 0.019222, score 9611
0.694806 -0.598780 -0.842721 -0.898442 fitness: 0.006444, score 3222
0.688806 -0.596780 -0.842721 -0.338419 fitness: 0.040618, score 20309
0.688806 -0.583898 -0.178012 -0.913508 fitness: 0.005708, score 2854

BEST GENE
0.688806 -0.596780 -0.842721 -0.338419 