
#####Generation n° 48#####
0.693806 -0.630837 -0.174012 -0.385985 fitness: 0.012424, score 6212
0.686806 -0.598780 -0.174012 -0.902442 fitness: 0.006888, score 3444
0.687806 -0.598780 -0.940100 -0.901442 fitness: 0.009888, score 4944
0.694806 -0.598780 -0.175012 -0.902442 fitness: 0.006888, score 3444
0.252553 -0.630837 -0.113796 -0.899442 fitness: 0.006202, score 3101
0.251553 -0.630837 -0.940100 -0.382985 fitness: 0.021042, score 10521
0.689806 -0.596780 -0.941100 -0.382985 fitness: 0.025144, score 12572
0.685806 -0.580898 -0.174012 -0.901442 fitness: 0.006758, score 3379
0.253553 -0.596780 -0.114796 -0.901442 fitness: 0.006180, score 3090
0.686806 -0.582898 -0.940100 -0.902442 fitness: 0.009888, score 4944

BEST GENE
0.689806 -0.596780 -0.941100 -0.382985 