
#####Generation n° 15#####
0.695806 -0.451852 -0.775267 -0.750344 fitness: 0.012732, score 6366
0.696806 -0.713822 -0.777267 -0.747344 fitness: 0.011984, score 5992
0.695806 -0.451852 -0.786443 -0.746344 fitness: 0.012732, score 6366
0.694806 -0.713822 -0.776267 -0.750344 fitness: 0.011984, score 5992
0.207891 -0.450852 -0.787443 -0.636481 fitness: 0.013176, score 6588
0.772406 -0.450852 -0.785443 -0.749344 fitness: 0.014456, score 7228
0.695806 -0.448852 -0.777267 -0.748344 fitness: 0.012732, score 6366
0.775406 -0.715822 -0.778267 -0.749344 fitness: 0.012650, score 6325
0.690806 -0.451852 -0.780267 -0.635481 fitness: 0.013682, score 6841
0.695806 -0.449852 -0.776267 -0.634481 fitness: 0.013682, score 6841

BEST GENE
0.772406 -0.450852 -0.785443 -0.749344 