
#####Generation n° 20#####
0.691806 -0.451852 -0.786443 -0.747344 fitness: 0.012410, score 6205
0.694806 -0.598780 -0.787443 -0.751344 fitness: 0.010608, score 5304
0.697806 -0.448852 -0.179012 -0.747344 fitness: 0.007134, score 3567
0.698806 -0.447852 -0.778267 -0.748344 fitness: 0.012410, score 6205
0.698806 -0.446852 -0.783443 -0.743344 fitness: 0.012410, score 6205
0.695806 -0.447852 -0.783443 -0.750344 fitness: 0.012410, score 6205
0.698806 -0.449852 -0.179012 -0.749344 fitness: 0.007134, score 3567
0.699806 -0.447852 -0.785443 -0.748344 fitness: 0.012410, score 6205
0.698806 -0.448852 -0.777267 -0.751344 fitness: 0.012410, score 6205
0.697806 -0.448852 -0.181012 -0.742344 fitness: 0.007134, score 3567

BEST GENE
0.691806 -0.451852 -0.786443 -0.747344 