
#####Generation n° 32#####
0.077304 -0.598780 -0.180012 -0.898442 fitness: 0.004972, score 2486
0.690806 -0.597780 -0.178012 -0.898442 fitness: 0.004838, score 2419
0.351321 -0.804002 -0.226398 -0.965233 fitness: 0.005404, score 2702
0.079304 -0.599780 -0.178012 -0.899442 fitness: 0.005130, score 2565
0.695806 -0.600780 -0.176012 -0.749344 fitness: 0.006318, score 3159
0.690806 -0.599780 -0.179012 -0.559451 fitness: 0.008234, score 4117
0.079304 -0.597780 -0.178012 -0.900442 fitness: 0.004972, score 2486
0.692806 -0.597780 -0.179012 -0.897442 fitness: 0.004838, score 2419
0.645048 -0.637128 -0.842721 -0.645707 fitness: 0.012160, score 6080
0.695806 -0.599780 -0.180012 -0.901442 fitness: 0.004838, score 2419

BEST GENE
0.645048 -0.637128 -0.842721 -0.645707 