
#####Generation n° 6#####
0.690806 -0.978906 -0.858672 -0.630481 fitness: 0.012070, score 6035
0.514615 -0.676078 -0.780267 -0.628481 fitness: 0.009386, score 4693
0.775406 -0.674078 -0.778267 -0.630481 fitness: 0.011918, score 5959
0.694806 -0.715822 -0.855672 -0.746344 fitness: 0.010508, score 5254
0.774406 -0.676078 -0.780267 -0.632481 fitness: 0.011918, score 5959
0.774406 -0.641327 -0.857672 -0.630481 fitness: 0.014088, score 7044
0.773406 -0.674078 -0.779267 -0.630481 fitness: 0.011918, score 5959
0.690806 -0.980906 -0.737595 -0.749344 fitness: 0.008344, score 4172
0.774406 -0.716822 -0.778267 -0.630481 fitness: 0.011866, score 5933
0.691806 -0.980906 -0.779267 -0.094602 fitness: 0.034492, score 17246

BEST GENE
0.691806 -0.980906 -0.779267 -0.094602 