
#####Generation n° 8#####
0.688806 -0.678078 -0.778267 -0.750344 fitness: 0.008792, score 4396
0.774406 -0.641327 -0.779267 -0.633481 fitness: 0.012230, score 6115
0.690806 -0.715822 -0.780267 -0.748344 fitness: 0.010738, score 5369
0.774406 -0.715822 -0.780267 -0.629481 fitness: 0.012194, score 6097
0.775406 -0.979906 -0.780267 -0.095602 fitness: 0.032344, score 16172
0.774406 -0.641327 -0.856672 -0.633481 fitness: 0.012628, score 6314
0.775406 -0.640327 -0.857672 -0.633481 fitness: 0.012628, score 6314
0.693806 -0.714822 -0.778267 -0.630481 fitness: 0.011262, score 5631
0.688806 -0.978906 -0.778267 -0.093602 fitness: 0.030664, score 15332
0.773406 -0.715822 -0.858672 -0.629481 fitness: 0.012310, score 6155

BEST GENE
0.775406 -0.979906 -0.780267 -0.095602 