
#####Generation n° 11#####
0.773406 -0.980906 -0.777267 -0.749344 fitness: 0.009534, score 4767
0.694282 -0.096834 -0.616558 -0.054324 fitness: 0.088140, score 44070
0.695806 -0.977906 -0.778267 -0.748344 fitness: 0.009040, score 4520
0.774406 -0.640327 -0.779267 -0.631481 fitness: 0.012498, score 6249
0.690806 -0.714822 -0.783267 -0.750344 fitness: 0.013998, score 6999
0.690806 -0.642327 -0.781267 -0.634481 fitness: 0.012498, score 6249
0.690806 -0.713822 -0.933473 -0.629481 fitness: 0.011598, score 5799
0.774406 -0.639327 -0.779267 -0.748344 fitness: 0.014252, score 7126
0.695806 -0.714822 -0.778267 -0.750344 fitness: 0.013998, score 6999
0.210891 -0.450852 -0.784443 -0.835347 fitness: 0.008240, score 4120

BEST GENE
0.694282 -0.096834 -0.616558 -0.054324 