
#####Generation n° 5#####
0.774406 -0.716822 -0.854672 -0.746344 fitness: 0.012392, score 6196
0.775406 -0.976906 -0.244436 -0.629481 fitness: 0.008368, score 4184
0.775406 -0.976906 -0.244436 -0.745344 fitness: 0.008510, score 4255
0.774406 -0.675078 -0.779267 -0.631481 fitness: 0.013354, score 6677
0.693806 -0.641327 -0.856672 -0.746344 fitness: 0.012480, score 6240
0.692806 -0.642327 -0.736596 -0.748344 fitness: 0.008520, score 4260
0.774406 -0.977906 -0.245436 -0.629481 fitness: 0.008368, score 4184
0.513615 -0.675078 -0.779267 -0.631481 fitness: 0.012556, score 6278
0.773406 -0.979906 -0.779267 -0.093602 fitness: 0.044626, score 22313
0.691806 -0.979906 -0.859672 -0.094602 fitness: 0.040316, score 20158

BEST GENE
0.773406 -0.979906 -0.779267 -0.093602 