
#####Generation n° 7#####
0.692806 -0.979906 -0.779267 -0.094602 fitness: 0.028644, score 14322
0.774406 -0.979906 -0.780267 -0.095602 fitness: 0.028644, score 14322
0.689806 -0.716822 -0.779267 -0.749344 fitness: 0.009392, score 4696
0.775406 -0.641327 -0.856672 -0.633481 fitness: 0.014436, score 7218
0.775406 -0.715822 -0.778267 -0.630481 fitness: 0.016360, score 8180
0.513615 -0.677078 -0.781267 -0.628481 fitness: 0.014442, score 7221
0.689806 -0.677078 -0.779267 -0.749344 fitness: 0.009440, score 4720
0.773406 -0.715822 -0.779267 -0.631481 fitness: 0.016360, score 8180
0.774406 -0.715822 -0.858672 -0.629481 fitness: 0.015038, score 7519
0.775406 -0.716822 -0.856672 -0.629481 fitness: 0.015014, score 7507

BEST GENE
0.692806 -0.979906 -0.779267 -0.094602 