
#####Generation n° 22#####
0.698806 -0.445852 -0.785443 -0.747344 fitness: 0.011606, score 5803
0.698806 -0.599780 -0.786443 -0.741344 fitness: 0.010690, score 5345
0.699806 -0.448852 -0.178012 -0.748344 fitness: 0.006414, score 3207
0.673139 -0.054077 -0.551539 -0.657619 fitness: 0.007282, score 3641
0.081304 -0.174476 -0.295890 -0.902442 fitness: 0.003926, score 1963
0.692806 -0.600780 -0.783443 -0.751344 fitness: 0.011030, score 5515
0.693806 -0.599780 -0.783443 -0.752344 fitness: 0.011030, score 5515
0.701806 -0.446852 -0.782443 -0.742344 fitness: 0.011606, score 5803
0.697806 -0.452852 -0.786443 -0.746344 fitness: 0.011606, score 5803
0.692806 -0.598780 -0.178012 -0.750344 fitness: 0.006728, score 3364

BEST GENE
0.698806 -0.445852 -0.785443 -0.747344 