
#####Generation n° 25#####
0.703806 -0.598780 -0.178012 -0.742344 fitness: 0.006484, score 3242
0.081304 -0.599780 -0.178012 -0.901442 fitness: 0.004108, score 2054
0.700806 -0.598780 -0.176012 -0.749344 fitness: 0.006484, score 3242
0.692806 -0.598780 -0.783443 -0.752344 fitness: 0.011416, score 5708
0.691806 -0.600780 -0.782443 -0.751344 fitness: 0.011416, score 5708
0.693806 -0.598780 -0.782443 -0.745344 fitness: 0.011416, score 5708
0.690806 -0.601780 -0.177012 -0.901442 fitness: 0.005302, score 2651
0.701806 -0.599780 -0.784443 -0.744344 fitness: 0.011416, score 5708
0.690806 -0.596780 -0.177012 -0.743344 fitness: 0.006484, score 3242
0.692806 -0.598780 -0.782443 -0.745344 fitness: 0.011416, score 5708

BEST GENE
0.692806 -0.598780 -0.783443 -0.752344 