
#####Generation n° 33#####
0.078304 -0.804002 -0.178012 -0.900442 fitness: 0.006416, score 3208
0.352320 -0.600780 -0.225398 -0.964233 fitness: 0.004816, score 2408
0.080304 -0.598780 -0.179012 -0.897442 fitness: 0.004618, score 2309
0.079304 -0.599780 -0.180012 -0.898442 fitness: 0.004618, score 2309
0.691806 -0.597780 -0.179012 -0.899442 fitness: 0.006248, score 3124
0.078304 -0.597780 -0.179012 -0.900442 fitness: 0.004618, score 2309
0.691806 -0.596780 -0.177012 -0.897442 fitness: 0.006248, score 3124
0.078304 -0.598780 -0.179012 -0.900442 fitness: 0.004618, score 2309
0.078304 -0.596780 -0.177012 -0.898442 fitness: 0.004618, score 2309
0.351321 -0.638128 -0.843721 -0.646707 fitness: 0.011086, score 5543

BEST GENE
0.351321 -0.638128 -0.843721 -0.646707 