
#####Generation n° 1#####
0.354116 -0.749245 -0.170221 -0.718442 fitness: 0.008414, score 4207
0.512615 -0.713822 -0.858672 -0.582935 fitness: 0.012770, score 6385
0.935845 -0.380927 -0.562223 -0.666193 fitness: 0.008486, score 4243
0.101723 -0.643327 -0.420572 -0.748344 fitness: 0.008716, score 4358
0.692806 -0.642327 -0.907634 -0.582935 fitness: 0.015552, score 7776
0.626292 -0.394517 -0.418572 -0.667193 fitness: 0.009336, score 4668
0.774406 -0.994934 -0.735596 -0.466211 fitness: 0.016476, score 8238
0.773406 -0.679818 -0.254506 -0.468211 fitness: 0.009280, score 4640
0.406224 -0.673078 -0.779267 -0.092602 fitness: 0.039164, score 19582
0.693806 -0.642327 -0.857672 -0.749344 fitness: 0.016054, score 8027

BEST GENE
0.406224 -0.673078 -0.779267 -0.092602 