
#####Generation n° 37#####
0.078304 -0.805002 -0.842721 -0.899442 fitness: 0.012128, score 6064
0.690806 -0.597780 -0.177012 -0.902442 fitness: 0.005104, score 2552
0.691806 -0.597780 -0.179012 -0.901442 fitness: 0.005104, score 2552
0.079304 -0.600780 -0.844721 -0.898442 fitness: 0.010290, score 5145
0.688806 -0.804002 -0.845721 -0.902442 fitness: 0.012954, score 6477
0.077304 -0.599780 -0.180012 -0.898442 fitness: 0.005514, score 2757
0.080304 -0.802002 -0.178012 -0.897442 fitness: 0.007598, score 3799
0.079304 -0.597780 -0.181012 -0.902442 fitness: 0.005168, score 2584
0.079304 -0.599780 -0.178012 -0.900442 fitness: 0.005168, score 2584
0.079304 -0.597780 -0.180012 -0.898442 fitness: 0.005168, score 2584

BEST GENE
0.688806 -0.804002 -0.845721 -0.902442 