
#####Generation n° 30#####
0.079304 -0.599780 -0.180012 -0.743344 fitness: 0.005932, score 2966
0.691806 -0.599780 -0.179012 -0.898442 fitness: 0.005428, score 2714
0.693806 -0.598780 -0.179012 -0.901442 fitness: 0.006914, score 3457
0.695806 -0.599780 -0.178012 -0.739344 fitness: 0.007140, score 3570
0.081304 -0.600780 -0.177012 -0.900442 fitness: 0.004658, score 2329
0.693806 -0.599780 -0.177012 -0.741344 fitness: 0.007140, score 3570
0.691806 -0.597780 -0.176012 -0.898442 fitness: 0.006914, score 3457
0.081304 -0.598780 -0.177012 -0.744344 fitness: 0.005932, score 2966
0.690806 -0.597780 -0.177012 -0.899442 fitness: 0.006914, score 3457
0.694806 -0.596780 -0.176012 -0.751344 fitness: 0.006880, score 3440

BEST GENE
0.695806 -0.599780 -0.178012 -0.739344 