
#####Generation n° 42#####
0.690806 -0.597780 -0.175012 -0.901442 fitness: 0.005436, score 2718
0.692806 -0.597780 -0.179012 -0.902442 fitness: 0.005436, score 2718
0.691806 -0.598780 -0.176012 -0.899442 fitness: 0.005436, score 2718
0.689806 -0.597780 -0.175012 -0.900442 fitness: 0.005436, score 2718
0.690806 -0.597780 -0.179012 -0.899442 fitness: 0.005436, score 2718
0.691806 -0.597780 -0.180012 -0.903442 fitness: 0.005436, score 2718
0.693806 -0.598780 -0.842721 -0.899442 fitness: 0.007620, score 3810
0.690806 -0.599780 -0.175012 -0.904442 fitness: 0.004900, score 2450
0.690806 -0.597780 -0.179012 -0.903442 fitness: 0.005436, score 2718
0.691806 -0.597780 -0.179012 -0.902442 fitness: 0.005436, score 2718

BEST GENE
0.693806 -0.598780 -0.842721 -0.899442 