
#####Generation n° 10#####
0.775406 -0.639327 -0.779267 -0.630481 fitness: 0.017178, score 8589
0.772406 -0.979906 -0.777267 -0.748344 fitness: 0.010572, score 5286
0.773406 -0.714822 -0.780267 -0.629481 fitness: 0.015044, score 7522
0.690806 -0.714822 -0.782267 -0.629481 fitness: 0.014732, score 7366
0.744304 -0.993662 -0.933473 -0.643961 fitness: 0.015786, score 7893
0.777406 -0.641327 -0.859672 -0.633481 fitness: 0.015902, score 7951
0.690806 -0.714822 -0.858672 -0.750344 fitness: 0.011050, score 5525
0.694806 -0.715822 -0.777267 -0.749344 fitness: 0.012402, score 6201
0.691806 -0.712822 -0.778267 -0.630481 fitness: 0.014732, score 7366
0.689806 -0.977906 -0.778267 -0.750344 fitness: 0.009248, score 4624

BEST GENE
0.775406 -0.639327 -0.779267 -0.630481 