
#####Generation n° 9#####
0.773406 -0.714822 -0.779267 -0.629481 fitness: 0.019024, score 9512
0.776406 -0.640327 -0.859672 -0.630481 fitness: 0.019048, score 9524
0.689806 -0.978906 -0.778267 -0.749344 fitness: 0.016540, score 8270
0.689806 -0.715822 -0.780267 -0.750344 fitness: 0.016150, score 8075
0.776406 -0.640327 -0.779267 -0.634481 fitness: 0.023306, score 11653
0.694806 -0.714822 -0.778267 -0.629481 fitness: 0.019024, score 9512
0.774406 -0.640327 -0.856672 -0.632481 fitness: 0.019048, score 9524
0.689806 -0.715822 -0.857672 -0.628481 fitness: 0.017158, score 8579
0.689806 -0.979906 -0.778267 -0.093602 fitness: 0.039498, score 19749
0.691806 -0.713822 -0.781267 -0.748344 fitness: 0.016096, score 8048

BEST GENE
0.689806 -0.979906 -0.778267 -0.093602 