
#####Generation n° 3#####
0.405224 -0.674078 -0.779267 -0.093602 fitness: 0.034818, score 17409
0.774406 -0.673078 -0.859672 -0.093602 fitness: 0.035868, score 17934
0.099723 -0.643327 -0.856672 -0.748344 fitness: 0.009700, score 4850
0.774406 -0.978906 -0.244436 -0.630481 fitness: 0.008900, score 4450
0.511615 -0.714822 -0.779267 -0.631481 fitness: 0.011336, score 5668
0.692806 -0.673078 -0.779267 -0.466211 fitness: 0.013084, score 6542
0.691806 -0.642327 -0.737595 -0.747344 fitness: 0.011656, score 5828
0.100723 -0.641327 -0.857672 -0.093602 fitness: 0.031866, score 15933
0.692806 -0.642327 -0.778267 -0.466211 fitness: 0.013086, score 6543
0.774406 -0.714822 -0.859672 -0.469211 fitness: 0.011816, score 5908

BEST GENE
0.774406 -0.673078 -0.859672 -0.093602 