
#####Generation n° 39#####
0.691806 -0.595780 -0.840721 -0.903442 fitness: 0.010942, score 5471
0.692806 -0.595780 -0.178012 -0.901442 fitness: 0.006584, score 3292
0.078304 -0.597780 -0.180012 -0.897442 fitness: 0.005586, score 2793
0.691806 -0.597780 -0.846721 -0.902442 fitness: 0.010942, score 5471
0.079304 -0.598780 -0.178012 -0.898442 fitness: 0.005586, score 2793
0.077304 -0.598780 -0.180012 -0.901442 fitness: 0.005586, score 2793
0.690806 -0.600780 -0.178012 -0.903442 fitness: 0.006584, score 3292
0.691806 -0.597780 -0.844721 -0.903442 fitness: 0.010942, score 5471
0.690806 -0.596780 -0.180012 -0.896442 fitness: 0.006584, score 3292
0.079304 -0.598780 -0.179012 -0.896442 fitness: 0.005586, score 2793

BEST GENE
0.691806 -0.595780 -0.840721 -0.903442 