
#####Generation n° 31#####
0.695806 -0.598780 -0.177012 -0.897442 fitness: 0.005650, score 2825
0.694806 -0.598780 -0.180012 -0.901442 fitness: 0.006160, score 3080
0.692806 -0.599780 -0.178012 -0.750344 fitness: 0.006710, score 3355
0.691806 -0.598780 -0.178012 -0.897442 fitness: 0.005650, score 2825
0.080304 -0.601780 -0.179012 -0.743344 fitness: 0.005566, score 2783
0.080304 -0.597780 -0.177012 -0.901442 fitness: 0.004032, score 2016
0.082304 -0.597780 -0.176012 -0.745344 fitness: 0.005566, score 2783
0.691806 -0.597780 -0.178012 -0.898442 fitness: 0.006160, score 3080
0.078304 -0.599780 -0.179012 -0.899442 fitness: 0.004000, score 2000
0.836613 -0.672673 -0.225011 -0.559451 fitness: 0.008130, score 4065

BEST GENE
0.836613 -0.672673 -0.225011 -0.559451 