
#####Generation n° 29#####
0.690806 -0.598780 -0.180012 -0.899442 fitness: 0.007258, score 3629
0.700806 -0.597780 -0.177012 -0.899442 fitness: 0.007258, score 3629
0.694806 -0.599780 -0.178012 -0.900442 fitness: 0.007258, score 3629
0.080304 -0.597780 -0.179012 -0.743344 fitness: 0.007784, score 3892
0.083304 -0.596780 -0.177012 -0.740344 fitness: 0.007784, score 3892
0.691806 -0.599780 -0.179012 -0.899442 fitness: 0.007014, score 3507
0.693806 -0.598780 -0.177012 -0.750344 fitness: 0.008304, score 4152
0.695806 -0.598780 -0.177012 -0.898442 fitness: 0.007258, score 3629
0.080304 -0.600780 -0.177012 -0.743344 fitness: 0.007784, score 3892
0.694806 -0.598780 -0.177012 -0.740344 fitness: 0.009274, score 4637

BEST GENE
0.694806 -0.598780 -0.177012 -0.740344 