
#####Generation n° 13#####
0.208891 -0.449852 -0.786443 -0.748344 fitness: 0.009972, score 4986
0.689806 -0.714822 -0.782267 -0.748344 fitness: 0.012914, score 6457
0.688806 -0.450852 -0.783267 -0.634481 fitness: 0.013572, score 6786
0.209891 -0.714822 -0.779267 -0.749344 fitness: 0.014802, score 7401
0.775406 -0.715822 -0.778267 -0.837347 fitness: 0.010374, score 5187
0.691806 -0.643327 -0.780267 -0.749344 fitness: 0.011880, score 5940
0.696806 -0.713822 -0.777267 -0.749344 fitness: 0.015358, score 7679
0.695806 -0.714822 -0.778267 -0.748344 fitness: 0.015358, score 7679
0.695806 -0.450852 -0.785443 -0.835347 fitness: 0.008480, score 4240
0.773406 -0.450852 -0.785443 -0.749344 fitness: 0.014054, score 7027

BEST GENE
0.696806 -0.713822 -0.777267 -0.749344 