
#####Generation n° 36#####
0.079304 -0.803002 -0.844721 -0.898442 fitness: 0.006330, score 3165
0.689806 -0.597780 -0.178012 -0.901442 fitness: 0.006816, score 3408
0.078304 -0.598780 -0.843721 -0.900442 fitness: 0.006328, score 3164
0.080304 -0.600780 -0.844721 -0.900442 fitness: 0.006328, score 3164
0.079304 -0.806002 -0.842721 -0.900442 fitness: 0.006330, score 3165
0.078304 -0.598780 -0.179012 -0.901442 fitness: 0.005510, score 2755
0.078304 -0.599780 -0.181012 -0.901442 fitness: 0.005510, score 2755
0.080304 -0.598780 -0.181012 -0.899442 fitness: 0.005510, score 2755
0.078304 -0.599780 -0.177012 -0.899442 fitness: 0.005510, score 2755
0.690806 -0.597780 -0.178012 -0.900442 fitness: 0.006816, score 3408

BEST GENE
0.689806 -0.597780 -0.178012 -0.901442 