
#####Generation n° 4#####
0.100723 -0.641327 -0.856672 -0.093602 fitness: 0.031568, score 15784
0.692806 -0.642327 -0.737595 -0.747344 fitness: 0.012162, score 6081
0.691806 -0.641327 -0.777267 -0.094602 fitness: 0.044660, score 22330
0.775406 -0.641327 -0.859672 -0.746344 fitness: 0.019288, score 9644
0.100723 -0.978906 -0.858672 -0.094602 fitness: 0.037406, score 18703
0.774406 -0.715822 -0.779267 -0.632481 fitness: 0.018648, score 9324
0.693806 -0.641327 -0.855672 -0.747344 fitness: 0.016654, score 8327
0.512615 -0.674078 -0.779267 -0.630481 fitness: 0.014830, score 7415
0.691806 -0.977906 -0.243436 -0.467211 fitness: 0.009758, score 4879
0.775406 -0.977906 -0.244436 -0.630481 fitness: 0.009544, score 4772

BEST GENE
0.691806 -0.641327 -0.777267 -0.094602 