
#####Generation n° 21#####
0.693806 -0.599780 -0.787443 -0.752344 fitness: 0.011152, score 5576
0.698806 -0.449852 -0.178012 -0.749344 fitness: 0.005274, score 2637
0.699806 -0.449852 -0.778267 -0.741344 fitness: 0.016142, score 8071
0.697806 -0.447852 -0.181012 -0.748344 fitness: 0.005274, score 2637
0.697806 -0.446852 -0.785443 -0.742344 fitness: 0.016142, score 8071
0.496717 -0.903575 -0.471494 -0.946938 fitness: 0.005748, score 2874
0.693806 -0.599780 -0.784443 -0.751344 fitness: 0.011152, score 5576
0.697806 -0.598780 -0.786443 -0.741344 fitness: 0.009838, score 4919
0.693806 -0.451852 -0.787443 -0.746344 fitness: 0.016142, score 8071
0.700806 -0.445852 -0.783443 -0.747344 fitness: 0.016142, score 8071

BEST GENE
0.699806 -0.449852 -0.778267 -0.741344 