
#####Generation n° 43#####
0.690806 -0.597780 -0.174012 -0.903442 fitness: 0.004430, score 2215
0.692806 -0.597780 -0.841721 -0.899442 fitness: 0.006840, score 3420
0.689806 -0.599780 -0.842721 -0.899442 fitness: 0.007210, score 3605
0.688806 -0.596780 -0.177012 -0.901442 fitness: 0.004430, score 2215
0.688806 -0.596780 -0.174012 -0.899442 fitness: 0.004430, score 2215
0.689806 -0.597780 -0.174012 -0.903442 fitness: 0.004430, score 2215
0.691806 -0.596780 -0.178012 -0.903442 fitness: 0.004430, score 2215
0.691806 -0.598780 -0.178012 -0.902442 fitness: 0.004430, score 2215
0.740070 -0.203531 -0.151529 -0.338419 fitness: 0.005790, score 2895
0.694806 -0.598780 -0.843721 -0.900442 fitness: 0.006840, score 3420

BEST GENE
0.689806 -0.599780 -0.842721 -0.899442 