
#####Generation n° 0#####
0.405224 -0.567996 -0.253506 -0.271319 fitness: 0.009244, score 4622
0.528672 -0.100327 -0.900551 -0.641994 fitness: 0.014364, score 7182
0.693806 -0.643327 -0.908634 -0.749344 fitness: 0.014476, score 7238
0.625050 -0.816887 -0.857672 -0.259671 fitness: 0.032832, score 16416
0.511615 -0.712822 -0.258252 -0.582935 fitness: 0.007650, score 3825
0.627292 -0.394517 -0.025953 -0.666193 fitness: 0.004528, score 2264
0.936845 -0.380927 -0.562223 -0.475784 fitness: 0.012364, score 6182
0.101723 -0.995934 -0.419572 -0.506948 fitness: 0.009996, score 4998
0.563930 -0.673078 -0.778267 -0.092602 fitness: 0.029624, score 14812
0.773406 -0.678818 -0.734596 -0.467211 fitness: 0.016474, score 8237

BEST GENE
0.625050 -0.816887 -0.857672 -0.259671 