
#####Generation n° 19#####
0.698806 -0.448852 -0.784443 -0.743344 fitness: 0.013668, score 6834
0.692806 -0.451852 -0.787443 -0.748344 fitness: 0.013668, score 6834
0.698806 -0.448852 -0.777267 -0.747344 fitness: 0.013668, score 6834
0.697806 -0.449852 -0.775267 -0.750344 fitness: 0.013668, score 6834
0.697806 -0.449852 -0.179012 -0.750344 fitness: 0.005744, score 2872
0.698806 -0.448852 -0.785443 -0.750344 fitness: 0.013668, score 6834
0.698806 -0.448852 -0.180012 -0.749344 fitness: 0.005744, score 2872
0.694806 -0.599780 -0.775267 -0.751344 fitness: 0.008934, score 4467
0.698806 -0.448852 -0.179012 -0.743344 fitness: 0.005744, score 2872
0.696806 -0.447852 -0.784443 -0.748344 fitness: 0.013668, score 6834

BEST GENE
0.698806 -0.448852 -0.784443 -0.743344 