
#####Generation n° 24#####
0.692806 -0.599780 -0.177012 -0.744344 fitness: 0.009082, score 4541
0.692806 -0.597780 -0.177012 -0.739344 fitness: 0.009082, score 4541
0.703806 -0.596780 -0.781443 -0.742344 fitness: 0.016528, score 8264
0.691806 -0.600780 -0.783443 -0.744344 fitness: 0.016688, score 8344
0.701806 -0.599780 -0.783443 -0.750344 fitness: 0.016288, score 8144
0.692806 -0.454852 -0.179012 -0.745344 fitness: 0.006980, score 3490
0.692806 -0.599780 -0.179012 -0.743344 fitness: 0.009082, score 4541
0.691806 -0.600780 -0.781443 -0.751344 fitness: 0.016288, score 8144
0.082304 -0.172476 -0.178012 -0.902442 fitness: 0.003218, score 1609
0.693806 -0.597780 -0.177012 -0.752344 fitness: 0.007818, score 3909

BEST GENE
0.691806 -0.600780 -0.783443 -0.744344 