
#####Generation n° 12#####
0.689806 -0.095834 -0.617558 -0.055324 fitness: 0.058276, score 29138
0.696806 -0.449852 -0.785443 -0.749344 fitness: 0.011136, score 5568
0.775406 -0.449852 -0.779267 -0.836347 fitness: 0.010972, score 5486
0.690806 -0.715822 -0.779267 -0.749344 fitness: 0.012552, score 6276
0.689806 -0.643327 -0.782267 -0.635481 fitness: 0.014104, score 7052
0.209891 -0.097834 -0.616558 -0.053324 fitness: 0.084156, score 42078
0.691806 -0.713822 -0.934473 -0.630481 fitness: 0.012592, score 6296
0.695806 -0.714822 -0.778267 -0.749344 fitness: 0.012552, score 6276
0.773406 -0.638327 -0.778267 -0.053324 fitness: 0.048792, score 24396
0.696806 -0.640327 -0.780267 -0.631481 fitness: 0.014104, score 7052

BEST GENE
0.209891 -0.097834 -0.616558 -0.053324 