
#####Generation n° 27#####
0.693806 -0.599780 -0.179012 -0.899442 fitness: 0.007676, score 3838
0.693806 -0.597780 -0.177012 -0.742344 fitness: 0.006406, score 3203
0.083304 -0.599780 -0.178012 -0.744344 fitness: 0.006230, score 3115
0.700806 -0.598780 -0.176012 -0.749344 fitness: 0.006406, score 3203
0.702806 -0.598780 -0.175012 -0.750344 fitness: 0.006428, score 3214
0.699806 -0.598780 -0.176012 -0.749344 fitness: 0.006406, score 3203
0.690806 -0.599780 -0.178012 -0.900442 fitness: 0.006418, score 3209
0.699806 -0.597780 -0.179012 -0.743344 fitness: 0.006406, score 3203
0.081304 -0.598780 -0.178012 -0.901442 fitness: 0.004752, score 2376
0.081304 -0.599780 -0.174012 -0.742344 fitness: 0.006230, score 3115

BEST GENE
0.693806 -0.599780 -0.179012 -0.899442 